MUTPB=[0.1, 0.2, 0.3, 0.4, 0.5, 0.6, 0.7, 0.8, 0.1, 0.2, 0.3, 0.4, 0.5, 0.6, 0.7, 0.8, 0.1, 0.2, 0.3, 0.4, 0.5, 0.6, 0.7, 0.1, 0.2, 0.3, 0.4, 0.5, 0.6, 0.1, 0.2, 0.3, 0.4, 0.5, 0.1, 0.2, 0.3, 0.4, 0.1, 0.2, 0.3, 0.1, 0.2]
CXPB=[0.1, 0.1, 0.1, 0.1, 0.1, 0.1, 0.1, 0.1, 0.2, 0.2, 0.2, 0.2, 0.2, 0.2, 0.2, 0.2, 0.3, 0.3, 0.3, 0.3, 0.3, 0.3, 0.3, 0.4, 0.4, 0.4, 0.4, 0.4, 0.4, 0.5, 0.5, 0.5, 0.5, 0.5, 0.6, 0.6, 0.6, 0.6, 0.7, 0.7, 0.7, 0.8, 0.8]
Best Values=['CXPB=', 0.3, 'MUTB=', 0.1, 'Max Fitness=', 91.83447765972018]
avg_results =[-10.653037866304226, 89.81888464148165, 89.10336488820388, 87.69711751593033, 91.36859172275062, 79.56504635543249, 90.64743523735677, 35.08580912060458, 90.01073455772733, 90.94351270881607, 90.39495479693169, 84.0905524012885, 90.71610300817832, 90.1783293234574, 90.21398405712371, 90.08869417565204, 91.83447765972018, 90.5606459788017, 90.96027852448734, 79.63704996908479, 90.46569881714736, 80.9094984511211, 77.75014716776913, 90.75635553332599, 84.09931015087506, 85.99196675295626, 90.12638375733073, 68.07925897808545, 90.25374960713351, 90.84978849105453, 49.729683797168704, 73.28687268513968, 90.30628323920203, 79.62986071365805, 89.1995304298133, 85.00199234070614, 90.44285150878503, 90.16070453447959, -38.71350485232115, 90.13076469055785, 89.81331936790251, 90.80339516037132, 88.76573244417793]