MUTPB=[0.1, 0.2, 0.3, 0.4, 0.5, 0.6, 0.7, 0.8, 0.1, 0.2, 0.3, 0.4, 0.5, 0.6, 0.7, 0.8, 0.1, 0.2, 0.3, 0.4, 0.5, 0.6, 0.7, 0.1, 0.2, 0.3, 0.4, 0.5, 0.6, 0.1, 0.2, 0.3, 0.4, 0.5, 0.1, 0.2, 0.3, 0.4, 0.1, 0.2, 0.3, 0.1, 0.2]
CXPB=[0.1, 0.1, 0.1, 0.1, 0.1, 0.1, 0.1, 0.1, 0.2, 0.2, 0.2, 0.2, 0.2, 0.2, 0.2, 0.2, 0.3, 0.3, 0.3, 0.3, 0.3, 0.3, 0.3, 0.4, 0.4, 0.4, 0.4, 0.4, 0.4, 0.5, 0.5, 0.5, 0.5, 0.5, 0.6, 0.6, 0.6, 0.6, 0.7, 0.7, 0.7, 0.8, 0.8]
Best Values=['CXPB=', 0.4, 'MUTB=', 0.2, 'Max Fitness=', 93.36627799644573]
avg_results =[91.91860594047837, 92.04577020130503, 92.26702347991889, 92.30102031944371, 92.17357331188757, 92.04798313424035, 91.6799983343125, 87.4020705893121, 90.32482618476617, 92.56621027543471, 92.30555091855359, 90.41907168662384, 81.82603335355435, 89.96380205201967, 87.64022172957789, 85.26037800073507, 92.59933248773531, 91.93236860396661, 92.24964303293525, 91.90122699956441, 92.60392956224331, 92.27733373224791, 90.53198353107842, 92.65354828266119, 93.36627799644573, 92.781322005578, 92.4180546102307, 92.0419097753204, 91.44443285427714, 91.46685456633149, 92.44164993902645, 92.64722211237061, 87.68421087799257, 89.7515930028598, 92.65873645484157, 37.780115718964616, 91.93457030528589, 91.92359506428144, 91.91860594047837, 92.07853927907131, 83.50562377436063, 92.56362233622356, 90.27331718848151]