MUTPB=[0.1, 0.2, 0.3, 0.4, 0.5, 0.6, 0.7, 0.8, 0.1, 0.2, 0.3, 0.4, 0.5, 0.6, 0.7, 0.8, 0.1, 0.2, 0.3, 0.4, 0.5, 0.6, 0.7, 0.1, 0.2, 0.3, 0.4, 0.5, 0.6, 0.1, 0.2, 0.3, 0.4, 0.5, 0.1, 0.2, 0.3, 0.4, 0.1, 0.2, 0.3, 0.1, 0.2]
CXPB=[0.1, 0.1, 0.1, 0.1, 0.1, 0.1, 0.1, 0.1, 0.2, 0.2, 0.2, 0.2, 0.2, 0.2, 0.2, 0.2, 0.3, 0.3, 0.3, 0.3, 0.3, 0.3, 0.3, 0.4, 0.4, 0.4, 0.4, 0.4, 0.4, 0.5, 0.5, 0.5, 0.5, 0.5, 0.6, 0.6, 0.6, 0.6, 0.7, 0.7, 0.7, 0.8, 0.8]
Best Values=['CXPB=', 0.2, 'MUTB=', 0.2, 'Max Fitness=', 92.64732247604476]
avg_results =[91.93740496697302, 91.9285841880845, 91.48509590936287, 91.92754655364843, 91.49651658165182, 81.6685221898397, 90.93722772559785, 91.94646778978293, 91.94592718177408, 92.64732247604476, 92.17320686045989, 87.4041978025609, 89.27247467532155, 80.94021859736512, 83.55232605261, 91.87458810836401, 91.92960710031848, 87.41281384807904, 92.12955864352783, 80.63452607546216, 91.51984383689003, 91.78859976889784, 88.02144039987878, 91.27327068282754, 92.4615651199163, 84.75173547256473, 91.9995315361126, 91.9183121375141, 69.113331736184, 57.348218545031806, 92.0219942346807, 90.25248471322996, 91.39626529234138, 78.39661657941589, 90.28957468538539, 91.3970448379782, 89.527270967023, 85.94967738971711, 89.90180819219685, 91.93135048661735, 77.51489286148245, 91.52135778215909, 91.90052566576095]